runnning: sparse mode
each row has 9 elements.
 MODE = s
 N M K
       10000          60          30

           1           1  0.10528071806766093       0.39079659042271575     
           1           2  0.15904593211598694       0.27619901121753576     
           1           3  0.19701070315204561       0.17972363478524511     
           1           4  0.23775394796393812       0.14795705921052843     
           1           5  0.27802550210617483       0.11720356048288540     
           1           6  0.31915433402173221        9.6830093141686557E-002
           1           7  0.36110928002744913        8.3296491230033229E-002
           1           8  0.40193993900902569        4.3214748266722176E-002
           1           9  0.44252546597272158        9.1617284192358553E-002
           1          10  0.48489286913536489        2.5059667618587137E-002
           1          11  0.52500684210099280        7.4010053863312428E-002
           1          12  0.56423360598273575        9.4900090088160444E-002
           1          13  0.60552773508243263        6.0218525757468881E-002
           1          14  0.64682594407349825        6.1825297465464626E-002
           1          15  0.68870587111450732        5.2689701951091072E-002
           1          16  0.72739252611063421        2.2835022898152878E-002
           1          17  0.77111012907698750        9.1248994629411412E-002
           1          18  0.81255498412065208       0.11153318879445835     
           1          19  0.85282263508997858       0.17135266706494021     
           1          20  0.89329411997459829        2.1322433828046675E-002
           1          21  0.93431858997792006        7.1606731815428010E-002
           1          22  0.97416440607048571       0.19597863135165169     
           1          23   1.0145746581256390        7.5960957395946258E-003
           1          24   1.0561648891307414        5.6014903999580125E-002
           1          25   1.0952703990042210        4.7505940469259244E-003
           1          26   1.1367472549900413        2.8040602209045803E-002
           1          27   1.1765182300005108        1.0687670702511063E-004
           1          28   1.2180530079640448        1.3296543072101237E-002
           1          29   1.2582763179671019        1.6224074060226613E-002
           1          30   1.3001703361514956        5.1072893919477322E-003
           1          31   1.3425198481418192        6.9717898938651338E-002
           1          32   1.3827358740381896       0.10829586767490890     
           1          33   1.4216304600704461        3.2600714947572581E-004
           1          34   1.4624331730883569       0.22420902436446519     
           1          35   1.5006042220629752        1.5049198366781758E-004
           1          36   1.5414437339641154        5.1780290145185648E-002
           1          37   1.5831530019640923        2.1343360886044911E-003
           1          38   1.6235657581128180        2.6320252776246896E-004
           1          39   1.6620539440773427        1.1736022646350579E-005
           1          40   1.7021712621208280        7.8227791586883727E-002
           1          41   1.7412872971035540        8.9328672388779368E-002
           1          42   1.7829593289643526        3.0595097231356553E-003
           1          43   1.8228095020167530        2.2274747427046668E-004
           1          44   1.8654094070661813        1.4241832270046839E-005
           1          45   1.9055828971322626        4.9570879151084525E-002
           1          46   1.9455362041480839        1.3080087277991858E-002
           1          47   1.9848168760072440        4.5202689024685945E-002
           1          48   2.0255111921578646        5.4806835791546510E-005
           1          49   2.0648504369892180        6.0492359701463633E-006
           1          50   2.1057087131775916        3.2403941206639681E-007
           1          51   2.1462949740234762        1.0064472165988460E-002
           1          52   2.1886086070444435        6.1057492757455223E-005
           1          53   2.2279335290659219        7.3776325347276574E-003
           1          54   2.2665947950445116        1.1047516375921206E-002
           1          55   2.3059040610678494        9.3440804969083257E-004
           1          56   2.3465580029878765        2.8827275368127037E-005
           1          57   2.3859677331056446        4.2468240085026670E-006
           1          58   2.4271808881312609        4.6581981958916669E-007
           1          59   2.4671842411626130        8.0458006930341358E-003
           1          60   2.5066529100295156        1.3803230697002808E-002
           1          61   2.5472140209749341        5.2289716384714829E-002
           1          62   2.5877456930465996        1.9088705035544527E-003
           1          63   2.6271764240227640        1.7962981231152991E-004
           1          64   2.6674588990863413        9.3034969825652753E-006
           1          65   2.7084748330526054       0.23257991731693556     
           1          66   2.7486992771737278        1.1205026037765845E-003
           1          67   2.7912846221588552        1.2144515848383480E-005
           1          68   2.8312025121413171        5.2260509351692387E-008
           1          69   2.8716463490854949        5.8256336678758652E-010
           1          70   2.9113864270038903        3.3889213131305507E-012
           1          71   2.9539943821728230        4.4179220260529994E-013
           1          72   2.9936742240097374        3.6727919314455348E-002
           1          73   3.0316199350636452        6.2479257500013385E-003
           1          74   3.0724037061445415        6.0609725979997907E-003
           1          75   3.1137888210359961        6.5249560243932012E-002
           1          76   3.1522994900587946        1.0652075582444581E-002
           1          77   3.1924439850263298        8.0888909060873137E-004
           1          78   3.2329055031295866        1.3537449112953841E-004
           1          79   3.2734907099511474        1.1330220949918922E-002
           1          80   3.3139726989902556        2.0168734432640799E-005
           1          81   3.3547545231413096        1.8728417098516026E-006
           1          82   3.3955472810193896        1.6332171380787980E-007
           1          83   3.4355727981310338        6.6326857841566984E-008
           1          84   3.4748948069754988        6.2687735201558210E-009
           1          85   3.5152060110121965        2.1221854778811108E-002
           1          86   3.5549023421481252        2.1594720156379080E-005
           1          87   3.5949738810304552        5.7730008985607732E-007
           1          88   3.6341498109977692        8.3711376165689060E-003
           1          89   3.6741077490150928        6.2575724691305522E-004
           1          90   3.7147385401185602        2.2518813923099973E-005
           1          91   3.7544308060314506        9.4312157211489014E-002
           1          92   3.7943329999689013        1.8635060902010890E-004
           1          93   3.8351273869629949        2.6780940440200161E-006
           1          94   3.8743808451108634        6.2055732219733646E-009
           1          95   3.9130064479541034        1.7308384134583367E-010
           1          96   3.9546886831521988        8.7378112444087908E-012
           1          97   3.9944592481479049        4.4511175494163905E-012
           1          98   4.0340031720697880        4.5294602565412413E-003
           1          99   4.0750979371368885        2.3193437295790250E-005
           1         100   4.1142345070838928        1.8053694985369751E-007
           1         101   4.1548417920712382        2.7094847118381568E-009
           1         102   4.1936923421453685        4.4246606924883886E-002
           1         103   4.2323091540019959        5.8297825755694371E-003
           1         104   4.2734468651469797        1.9410016738244469E-003
           1         105   4.3152536971028894        6.6270155183733763E-003
           1         106   4.3549532981123775        3.8232263555769368E-005
           1         107   4.3928532779682428        6.5812967331286727E-006
           1         108   4.4335643390659243        5.8745512511395488E-007
           1         109   4.4739575111307204        1.5323597806636030E-007
           1         110   4.5132727159652859        1.3752161257642906E-008
           1         111   4.5533527131192386        5.5637253704883211E-009
           1         112   4.5934101680759341        9.4164355300400786E-003
           1         113   4.6345795979723334        4.3629239466553505E-005
           1         114   4.6756498750764877        5.1178617509902424E-007
           1         115   4.7141425469890237        1.7459895116937997E-009
           1         116   4.7536008961033076        2.6971181925573208E-011
           1         117   4.7940009571611881        1.3242315631676390E-013
           1         118   4.8362316060811281       0.11571036226949159     
           1         119   4.8758578700944781        5.4860187310959495E-004
           1         120   4.9172367181163281        1.0480175022305039E-005
           1         121   4.9591986350715160        5.1099871274262356E-008
           1         122   4.9990793189499527        9.4821632654906519E-010
           1         123   5.0393210451584309        5.6499706212078668E-012
           1         124   5.0797613561153412        1.1952427473124382E-013
           1         125   5.1218446851707995        7.7100760526334688E-002
           1         126   5.1605699190404266        1.3550688867418213E-003
           1         127   5.1992626001592726        3.1070252968805827E-005
           1         128   5.2393285250291228        4.6550481064814068E-007
           1         129   5.2802227560896426        1.0736014880757454E-008
           1         130   5.3206792890559882        1.6217649457150969E-010
           1         131   5.3583322220947593        3.7662051942659360E-012
           1         132   5.3975793560966849        5.7569461053493999E-014
           1         133   5.4391569341532886        8.1777794883710397E-002
           1         134   5.4780297360848635        5.6579773178891250E-004
           1         135   5.5187228440772742        1.7882770647876865E-005
           1         136   5.5578445501159877        1.2134776800096621E-007
           1         137   5.5971150279510766        3.3441857047191734E-009
           1         138   5.6372680070344359        2.6020021345343369E-011
           1         139   5.6788577381521463        8.0199703142043335E-013
           1         140   5.7180160181596875        9.6646110981598759E-015
           1         141   5.7595611070282757        1.3848051150962213E-002
           1         142   5.7984257929492742        4.3254343866946517E-005
           1         143   5.8394763551186770        1.2609945271093719E-006
           1         144   5.8805190380662680        7.9173023578067175E-009
           1         145   5.9224671311676502        2.2474268602742251E-010
           1         146   5.9622957441024482        1.6845581530563962E-012
           1         147   6.0029950200114399        5.2471875574706411E-014
           1         148   6.0419384820852429        3.3364040938452480E-002
           1         149   6.0844108990859240        6.7197262531891824E-004
           1         150   6.1244453261606395        9.3664115816369664E-006
           1         151   6.1657561210449785        2.3807087964759025E-007
           1         152   6.2061508551705629        3.0938863597248242E-009
           1         153   6.2468609390780330        9.4583968033667247E-011
           1         154   6.2860563280992210        1.1002053047669336E-012
           1         155   6.3266407791525126        3.8239116850726234E-014
           1         156   6.3675991450436413        3.4740535026855916E-002
           1         157   6.4087796709500253        1.4807356973164251E-004
           1         158   6.4504923929926008        3.3443462592831014E-006
           1         159   6.4905464639887214        1.7649507547542155E-008
           1         160   6.5297867450863123        4.3001138625114853E-010
           1         161   6.5691937741357833        3.2533255539305010E-012
           1         162   6.6090615161228925        6.9471280341130481E-014
           1         163   6.6513274281751364       0.12359373679381991     
           1         164   6.6926074260845780        1.2175724975338404E-003
           1         165   6.7362042870372534        4.3618779975870845E-005
           1         166   6.7790493210777640        4.3382016844492516E-007
           1         167   6.8197659631259739        1.3107784677879533E-008
           1         168   6.8578399559482932        1.1434095718531951E-010
           1         169   6.9007085219491273        5.1497844736461926E-012
           1         170   6.9408522651065141        5.7109587370898405E-014
           1         171   6.9822332060430199        9.3154286728590011E-002
           1         172   7.0333975360263139        5.0699953107305560E-004
           1         173   7.0758633911609650        8.7116340721879554E-006
           1         174   7.1170542400795966        6.8805068463577977E-008
           1         175   7.1566551511641592        1.1651903202052810E-009
           1         176   7.1970255989581347        9.3726922225999579E-012
           1         177   7.2352308069821447        1.9678152151086563E-013
           1         178   7.2746293640229851       0.11058824293314815     
           1         179   7.3164749071002007        2.9952241751928991E-003
           1         180   7.3567932799924165        4.4075337645492200E-005
           1         181   7.3975392789579928        9.7365662726117837E-007
           1         182   7.4379269590135664        1.3258180907385373E-008
           1         183   7.4781227039638907        2.9483794864517241E-010
           1         184   7.5207031189929694        4.2992403637854851E-012
           1         185   7.5613806070759892        9.5312460783364866E-014
           1         186   7.6029834121000022        4.2729588702647960E-002
           1         187   7.6415788480080664        2.9001135899540069E-004
           1         188   7.6804097171407193        4.0629807090314360E-006
           1         189   7.7223582549486309        3.7504735513797145E-008
           1         190   7.7636395010631531        4.5452609053332789E-010
           1         191   7.8040103351231664        6.5256175066523230E-012
           1         192   7.8420189691241831        8.2114951847454137E-014
           1         193   7.8830405110493302        7.9986868240706693E-002
           1         194   7.9246818381361663        7.1538445015193819E-004
           1         195   7.9662617279682308        2.5673320160334607E-005
           1         196   8.0052574691362679        2.3725138277822959E-007
           1         197   8.0447399800177664        8.0682481045806776E-009
           1         198   8.0860440139658749        8.2935454324260952E-011
           1         199   8.1278690921608359        2.7515202643090825E-012
           1         200   8.1681829320732504        3.0685337480068416E-014
           1         201   8.2081074670422822        1.2317910680409297E-013
           1         202   8.2484013831708580        2.5440600024320549E-014
           1         203   8.2872597849927843        1.0116822966599149E-013
           1         204   8.3273927839472890        2.3524758055588597E-014
           1         205   8.3677554060705006        8.9647933226069374E-014
           1         206   8.4067212380468845        1.9104459509040021E-014
           1         207   8.4471222280990332        1.2173175810921402E-013
           1         208   8.4864446669816971        2.7299408729724478E-014
           1         209   8.5262590041384101        1.1902140523964319E-013
           1         210   8.5661501970607787        2.8303628239894769E-014
           1         211   8.6056146819610149        1.3450171164951832E-013
           1         212   8.6449511791579425        3.1183188681373072E-014
           1         213   8.6844427641481161        1.3324777325041947E-013
           1         214   8.7240466540679336        2.9684067269827348E-014
           1         215   8.7627805049996823        1.2291370014004439E-013
           1         216   8.8019005081150681        2.7726665133427485E-014
           1         217   8.8435406249482185        1.1536092343053187E-013
           1         218   8.8844440700486302        2.7078600806712590E-014
           1         219   8.9250814949627966        1.1481030338309190E-013
           1         220   8.9657443061005324        2.7160411885272828E-014
           1         221   9.0058302080724388        1.0979749318575813E-013
           1         222   9.0447723970282823        2.2329430414645849E-014
           1         223   9.0846416701097041        1.0058104452078763E-013
           1         224   9.1229800360742956        2.2662427369190113E-014
           1         225   9.1625380211044103        1.0288648573861322E-013
           1         226   9.2024754290468991        2.3471637099098905E-014
           1         227   9.2439564550295472        7.7070906904552577E-014
           1         228   9.2848266861401498        1.7226504850964237E-014
           1         229   9.3253840170800686        7.5706238643865414E-014
           1         230   9.3669507349841297        2.0219192968814465E-014
           1         231   9.4058285241480917        1.0376923556496711E-013
           1         232   9.4454733161255717        2.5804595107247269E-014
           1         233   9.4842641751747578        1.1443009416166746E-013
           1         234   9.5241830521263182        2.6198450496049050E-014
           1         235   9.5647187761496753        6.8939533353569196E-014
           1         236   9.6053396440111101        1.8104954491354653E-014
           1         237   9.6456613480113447        8.6997680333707256E-014
           1         238   9.6855970781762153        1.8557208396197337E-014
           1         239   9.7256012151483446        9.5554520669840122E-014
           1         240   9.7651846900116652        2.0719555301880171E-014
           1         241   9.8056053600739688        1.0162154677153192E-013
           1         242   9.8443124641198665        2.5256522511313202E-014
           1         243   9.8834700779989362        1.2280167303207146E-013
           1         244   9.9244686120655388        2.9666322648093991E-014
           1         245   9.9649211519863456        1.2120806405902325E-013
           1         246   10.006873968988657        2.2836310145727148E-014
           1         247   10.049997402122244        1.1710969727650127E-013
           1         248   10.091739904135466        2.7079904273908938E-014
           1         249   10.133488397113979        1.1680494766917497E-013
           1         250   10.173508374020457        2.6755564822976528E-014
           1         251   10.214403036981821        1.0628445985100477E-013
           1         252   10.254741883138195        2.1651469071883058E-014
           1         253   10.294028799049556        8.9973552312847517E-014
           1         254   10.334939178079367        2.4659958600560615E-014
           1         255   10.375620429171249        1.2053857912373968E-013
           1         256   10.418306346982718        2.7882591719346508E-014
           1         257   10.460250240983441        1.1465641106952077E-013
           1         258   10.503013442968950        2.6269358021990763E-014
           1         259   10.542218204122037        1.1801306927237849E-013
           1         260   10.584074507001787        2.7942287629169158E-014
           1         261   10.624552758177742        1.0307003357349515E-013
           1         262   10.665137866977602        2.3783522365268124E-014
           1         263   10.706285879015923        1.0912875873892099E-013
           1         264   10.748158504022285        2.5544649035059531E-014
           1         265   10.787320903036743        1.0909632630969632E-013
           1         266   10.827748181996867        2.8227719046674357E-014
           1         267   10.867918909993023        1.1819685225900735E-013
           1         268   10.905562274158001        2.7044381250278502E-014
           1         269   10.945298331091180        1.2005680885442417E-013
           1         270   10.985110223060474        2.8697044195935475E-014
           1         271   11.024145064176992        1.1729410838540759E-013
           1         272   11.065592856146395        2.5631255055028376E-014
           1         273   11.105944753158838        9.9737599332260220E-014
           1         274   11.146192507119849        2.1162564738124626E-014
           1         275   11.188353415112942        1.1422535981219919E-013
           1         276   11.229935693088919        2.3189938475718207E-014
           1         277   11.273801204981282        1.1029017267943456E-013
           1         278   11.313212390989065        2.4786249773460079E-014
           1         279   11.355278147151694        1.0311511652239680E-013
           1         280   11.395605133147910        2.6026886204707139E-014
           1         281   11.434663872001693        1.2103643710275580E-013
           1         282   11.474198407959193        2.6786285482688506E-014
           1         283   11.512599898967892        1.2292619179346535E-013
           1         284   11.551835183985531        2.8613733901561058E-014
           1         285   11.594644261989743        1.2068862109759944E-013
           1         286   11.634258828125894        2.8089779012199121E-014
           1         287   11.674729183083400        9.5602734285020170E-014
           1         288   11.714340236037970        2.1345116604191648E-014
           1         289   11.755705540999770        1.0647612026483796E-013
           1         290   11.796600352041423        2.6828951021709099E-014
           1         291   11.836610093014315        1.0529795375442985E-013
           1         292   11.877114332048222        2.5957585199225761E-014
           1         293   11.916270137997344        1.2040280525633861E-013
           1         294   11.957540182163939        2.8343447031454488E-014
           1         295   11.996730049140751        1.2002371838667755E-013
           1         296   12.037367470096797        2.8297455521874476E-014
           1         297   12.076797557063401        1.2154947000693814E-013
           1         298   12.115940595977008        2.8487599663669623E-014
           1         299   12.156660874141380        1.2167321994764127E-013
           1         300   12.195636199088767        2.8350887473730113E-014
           1         301   12.235999081982300        1.2088387498616540E-013
           1         302   12.275480572134256        2.8047410235544119E-014
           1         303   12.315721434075385        1.2089639014541978E-013
           1         304   12.355069674085826        2.8227896762282048E-014
           1         305   12.394510121084750        1.2147347363808355E-013
           1         306   12.433822226012126        2.8318271749508495E-014
           1         307   12.475114807952195        1.2003743308893988E-013
           1         308   12.515044813044369        2.8137174980617843E-014
           1         309   12.555768197169527        1.1908035914591097E-013
           1         310   12.596773962024599        2.7483657623342812E-014
           1         311   12.636422515148297        1.2019911757140041E-013
           1         312   12.676248857984319        2.8005494267107103E-014
           1         313   12.715985864168033        1.1985545345183101E-013
           1         314   12.754922907100990        2.7870405055663050E-014
           1         315   12.793163177091628        1.1859866802866640E-013
           1         316   12.831467898096889        2.7733260471401469E-014
           1         317   12.871181322960183        1.1971602860255604E-013
           1         318   12.911838273983449        2.7951175006109955E-014
           1         319   12.952037133043632        1.1957735228632839E-013
           1         320   12.990921129006892        2.7502996128113384E-014
           1         321   13.029726325068623        1.1832162784444915E-013
           1         322   13.067826068960130        2.7809638019423048E-014
           1         323   13.108346114167944        1.1836803366011989E-013
           1         324   13.150734408991411        2.7549207556495540E-014
           1         325   13.190577914007008        1.0785876624406659E-013
           1         326   13.230036993045360        2.7336688897716983E-014
           1         327   13.268652928993106        1.1802922949373172E-013
           1         328   13.308638765010983        2.7580686960285328E-014
           1         329   13.349279364105314        1.1355993556590346E-013
           1         330   13.388831762131304        2.7410982832065201E-014
           1         331   13.428860658081248        1.1523343690082654E-013
           1         332   13.467120242072269        2.1099932273803440E-014
           1         333   13.505860958015546        1.1879939606028017E-013
           1         334   13.545584755949676        2.7672849233435590E-014
           1         335   13.586287613026798        1.1963568652722817E-013
           1         336   13.623847097158432        2.7849734443839752E-014
           1         337   13.664427905110642        1.1948393813192223E-013
           1         338   13.703719119075686        2.7810907965661037E-014
           1         339   13.744154866086319        1.1932423027934973E-013
           1         340   13.784366443054751        2.7762793063938472E-014
           1         341   13.824753273976967        1.1073546012741521E-013
           1         342   13.864928024122491        2.6593862114280436E-014
           1         343   13.905779923079535        1.1477163598865048E-013
           1         344   13.944907817058265        2.6746323594504573E-014
           1         345   13.985625219065696        1.1898123631291259E-013
           1         346   14.023901378968731        2.7715455410717576E-014
           1         347   14.065502234967425        1.1773505532843165E-013
           1         348   14.104796614032239        2.7606108563305701E-014
           1         349   14.143891341984272        1.1904690210048553E-013
           1         350   14.182743113953620        2.7783790242476987E-014
           1         351   14.233236375963315        1.1616527069571113E-013
           1         352   14.272400913061574        2.6628066531775696E-014
           1         353   14.311697195051238        1.1821410457948856E-013
           1         354   14.352407929953188        2.7387679992267007E-014
           1         355   14.392789282137528        1.1719132507832340E-013
           1         356   14.433933970052749        2.7412940063579593E-014
           1         357   14.474828185047954        1.1654791590456827E-013
           1         358   14.515175661072135        2.7117853961280817E-014
           1         359   14.555860320106149        1.1607569392149496E-013
           1         360   14.596997580956668        2.6844035765315532E-014
           1         361   14.635600178036839        9.0759615123732943E-014
           1         362   14.675319563131779        1.9685088552336065E-014
           1         363   14.714592040982097        1.1170772985111498E-013
           1         364   14.753798705991358        2.6521410756429494E-014
           1         365   14.794067271985114        1.1497247655388034E-013
           1         366   14.833041446981952        2.7419569746463936E-014
           1         367   14.872066022129729        1.1835122977480956E-013
           1         368   14.911105860024691        2.7399143785396930E-014
           1         369   14.949839797103778        1.1755209355256893E-013
           1         370   14.991571695078164        2.7314902734573309E-014
           1         371   15.033604598138481        1.1783017035668162E-013
           1         372   15.073621963150799        2.7303410183277644E-014
           1         373   15.113186151022092        1.1768423911471144E-013
           1         374   15.151514050085098        2.7272308978796597E-014
           1         375   15.190611982019618        1.0502310626840802E-013
           1         376   15.231239767046645        2.4333851680832444E-014
           1         377   15.270896094152704        1.0549503568077466E-013
           1         378   15.309865405084565        2.4862920125491143E-014
           1         379   15.348073509056121        1.0890991761446067E-013
           1         380   15.388576959026977        2.2642466702857957E-014
           1         381   15.428375079995021        1.1497107390303237E-013
           1         382   15.467646409990266        2.6411241624479009E-014
           1         383   15.507642371114343        1.1411215229844132E-013
           1         384   15.547413659049198        2.6536992049317181E-014
           1         385   15.589077383046970        1.1415654661200126E-013
           1         386   15.628142368979752        2.0137049430850000E-014
           1         387   15.668130011996254        1.0622192616445576E-013
           1         388   15.707166268955916        1.9751936142375121E-014
           1         389   15.745812829118222        1.1320213798197878E-013
           1         390   15.785062332171947        2.6429260196129670E-014
           1         391   15.824774489970878        1.1401275903746988E-013
           1         392   15.864096692064777        2.6133548173658707E-014
           1         393   15.905440942151472        1.1300792781639860E-013
           1         394   15.946875773137435        2.3777557925382520E-014
           1         395   15.986670729005709        1.1467424344319963E-013
           1         396   16.027316075982526        2.6596242914767138E-014
           1         397   16.065276133129373        1.1451492428187541E-013
           1         398   16.105791231151670        2.6588592209970241E-014
           1         399   16.145048385951668        1.1472508284278430E-013
           1         400   16.183458282146603        2.6606824593838384E-014
           1         401   16.223533644108102        1.1431138568063234E-013
           1         402   16.262030747951940        2.6334028566338031E-014
           1         403   16.302182005019858        1.1365138021972449E-013
           1         404   16.342666228068992        2.6504188368328056E-014
           1         405   16.383192667970434        1.1398050414343760E-013
           1         406   16.424186861142516        2.6471634393083121E-014
           1         407   16.464989125961438        1.1350852705886549E-013
           1         408   16.505406572017819        2.6208227727495113E-014
           1         409   16.544419195968658        1.1379582529263313E-013
           1         410   16.585493877995759        2.6401843341916341E-014
           1         411   16.626821295125410        1.1363212850956040E-013
           1         412   16.666091155027971        2.6380268143221796E-014
           1         413   16.707405737135559        1.1389881448225942E-013
           1         414   16.747927671065554        2.6434071448040831E-014
           1         415   16.788318517152220        1.1366065960619051E-013
           1         416   16.828202445060015        2.6367631036870074E-014
           1         417   16.867579672019929        1.1361374621006981E-013
           1         418   16.906082269037142        2.6360361023678309E-014
           1         419   16.945978933013976        1.1367085046061564E-013
           1         420   16.985298187006265        2.6372898872848573E-014
           1         421   17.024795450037345        1.1317650714483243E-013
           1         422   17.062706765020266        2.6270841198935045E-014
           1         423   17.102513556135818        1.1313097699069253E-013
           1         424   17.153224939946085        2.6239303836605739E-014
           1         425   17.196068912046030        1.1286799171520008E-013
           1         426   17.235780486138538        2.6177309472251524E-014
           1         427   17.275488286977634        1.1292672804589363E-013
           1         428   17.313577838009223        2.6194954279954007E-014
           1         429   17.353472442133352        1.1277948984956533E-013
           1         430   17.392690388951451        2.6166550773250011E-014
           1         431   17.433091024169698        1.1252246622051595E-013
           1         432   17.472097115125507        2.6133450978972504E-014
           1         433   17.512141230050474        1.1169313522337486E-013
           1         434   17.552873877109960        2.6086848265573222E-014
           1         435   17.592453808989376        1.1173389403627336E-013
           1         436   17.631498899077997        2.5923542237929841E-014
           1         437   17.671931679127738        1.1136529429684413E-013
           1         438   17.713422443950549        2.5849166651258408E-014
           1         439   17.752746782032773        1.1122207217089426E-013
           1         440   17.793229926144704        2.5771816677685181E-014
           1         441   17.834330389043316        1.1125032576923216E-013
           1         442   17.875938002020121        2.5798755216931203E-014
           1         443   17.917308015050367        1.1092671399261610E-013
           1         444   17.958696203073487        2.5771558304690975E-014
           1         445   17.998353278031573        1.1001398637630888E-013
           1         446   18.036354270996526        2.5516242621239297E-014
           1         447   18.075532734161243        1.1079145911826496E-013
           1         448   18.114831997081637        2.5671968215141218E-014
           1         449   18.155673398170620        1.1091848146993492E-013
           1         450   18.197177352150902        2.5738213449850736E-014
           1         451   18.236470852978528        1.1055116045606585E-013
           1         452   18.277442919090390        2.5674303497913846E-014
           1         453   18.318305233027786        1.1065668306459914E-013
           1         454   18.358693019952625        2.5674517478500688E-014
           1         455   18.398667261004448        1.1033220816355874E-013
           1         456   18.440116398036480        2.5619007350058751E-014
           1         457   18.479977447073907        1.0962349434596115E-013
           1         458   18.519846922950819        2.5535397095950436E-014
           1         459   18.558999266009778        1.1010379668588265E-013
           1         460   18.598248458001763        2.5571382142805861E-014
           1         461   18.636746671982110        1.1039002015221187E-013
           1         462   18.677337744971737        2.5621102902056597E-014
           1         463   18.717041503172368        1.1055435875303866E-013
           1         464   18.757830898975953        2.5644373015022897E-014
           1         465   18.797399440081790        1.1008673338728888E-013
           1         466   18.848927160957828        2.5579287208467745E-014
           1         467   18.887163112172857        1.0956129007261635E-013
           1         468   18.926662774058059        2.5529093691468708E-014
           1         469   18.966747193131596        1.0914662634375887E-013
           1         470   19.005271234083921        2.5395474420229503E-014
           1         471   19.044962720014155        1.0822733197603372E-013
           1         472   19.084868078120053        2.2456224195310415E-014
           1         473   19.127137297997251        1.0286328150840028E-013
           1         474   19.167125280946493        2.3602962343089998E-014
           1         475   19.206511348020285        9.7698734493453704E-014
           1         476   19.257418544963002        2.3461044941247119E-014
           1         477   19.299517650157213        1.0814286195519261E-013
           1         478   19.338724900968373        2.4029913093623700E-014
           1         479   19.379975265124813        1.0827330192368615E-013
           1         480   19.422900306992233        2.5113078241794003E-014
           1         481   19.462834703037515        1.0830133675093048E-013
           1         482   19.501888445112854        2.5153533155176699E-014
           1         483   19.541310927132145        1.0809475802854901E-013
           1         484   19.580384482163936        2.5132229390182890E-014
           1         485   19.621223598020151        1.0697703894103658E-013
           1         486   19.660733897006139        2.0661081946066815E-014
           1         487   19.701491499086842        1.0792063083161557E-013
           1         488   19.740295668132603        2.4508866033320134E-014
           1         489   19.780888359993696        1.0235934467446811E-013
           1         490   19.820336090167984        2.5143217205285496E-014
           1         491   19.860466462094337        1.0910718130478759E-013
           1         492   19.900532833999023        2.5331646488943750E-014
           1         493   19.939928644103929        1.0906393150538027E-013
           1         494   19.980327734956518        2.5332723264125477E-014
           1         495   20.020596759160981        1.0854686869086716E-013
           1         496   20.062034829054028        2.5236639567413551E-014
           1         497   20.103916750056669        1.0827537162877869E-013
           1         498   20.144873124081641        2.4800968406264693E-014
           1         499   20.184750881046057        1.0754307687838637E-013
           1         500   20.223511660005897        2.5054971394842259E-014
           1         501   20.262788511114195        1.0713007102982509E-013
           1         502   20.304139076033607        2.4952890328044246E-014
           1         503   20.344101216178387        1.0757968384594189E-013
           1         504   20.383038662141189        2.4267389575038945E-014
           1         505   20.422959092073143        1.0757750130220143E-013
           1         506   20.462576839141548        2.4950474286190656E-014
           1         507   20.504828416043893        1.0735228927614001E-013
           1         508   20.544702257029712        2.4699159637287951E-014
           1         509   20.586064073955640        1.0707585360153123E-013
           1         510   20.628190691117197        2.4875810170405354E-014
           1         511   20.667376212077215        1.0729998569546298E-013
           1         512   20.707610936136916        2.4932642877350218E-014
           1         513   20.747828277992085        1.0776651596901980E-013
           1         514   20.788723939098418        2.5033765474560920E-014
           1         515   20.829960324103013        7.8288361746047630E-014
           1         516   20.870567754143849        2.1086803598611955E-014
           1         517   20.912041635951027        1.0695086627678352E-013
           1         518   20.952062999131158        2.3627389123300887E-014
           1         519   20.992572751129046        8.2123124088092716E-014
           1         520   21.032092926092446        2.4508234257750052E-014
           1         521   21.072873702971265        1.0708626169604478E-013
           1         522   21.112318678991869        2.4856508965687357E-014
           1         523   21.152257078094408        1.0681096714461944E-013
           1         524   21.192284153075889        2.4824506074842647E-014
           1         525   21.232827279949561        1.0705884280450777E-013
           1         526   21.273048746166751        2.4898528673602657E-014
           1         527   21.313795919064432        1.0693223500821434E-013
           1         528   21.365366453072056        2.4915144333571250E-014
           1         529   21.405449005076662        1.0750451518983950E-013
           1         530   21.444670840166509        2.5002730239693365E-014
           1         531   21.485662908991799        1.0742073647347894E-013
           1         532   21.525713345967233        2.4970259942619883E-014
           1         533   21.564999097958207        1.0767277554125377E-013
           1         534   21.603912106016651        2.5014571492156056E-014
           1         535   21.646082051098347        1.0736376741650404E-013
           1         536   21.685545593965799        2.4964916840205129E-014
           1         537   21.723740939050913        1.0707323690134386E-013
           1         538   21.766441704006866        2.4856740471249605E-014
           1         539   21.807193109998479        1.0688392019629542E-013
           1         540   21.847308452008292        2.4863836490307425E-014
           1         541   21.886250724084675        1.0723662816341571E-013
           1         542   21.926501509966329        2.4943349549208647E-014
           1         543   21.967691384023055        1.0751560230488125E-013
           1         544   22.008902556961402        2.4968835120509706E-014
           1         545   22.050621245987713        1.0783393142769698E-013
           1         546   22.089700179174542        2.5074744385987730E-014
           1         547   22.131456763017923        1.0764326512533559E-013
           1         548   22.173348856158555        2.5013494163670751E-014
           1         549   22.212922756094486        1.0731692067440784E-013
           1         550   22.252696044975892        2.4929559980320768E-014
           1         551   22.293462681118399        1.0719554144075277E-013
           1         552   22.332583709154278        2.4911805291216543E-014
           1         553   22.374118721112609        1.0716600981443352E-013
           1         554   22.413409717148170        2.4896523762915921E-014
           1         555   22.453307320130989        1.0703578204555525E-013
           1         556   22.493238618131727        2.4884970790778855E-014
           1         557   22.532020729035139        1.0698300772437021E-013
           1         558   22.570261365966871        2.4850899662744957E-014
           1         559   22.609633804066107        1.0687609702680018E-013
           1         560   22.650135084055364        2.4839136254588325E-014
           1         561   22.692087965086102        1.0698014518201506E-013
           1         562   22.732434147968888        2.4848215014035299E-014
           1         563   22.771869983058423        1.0699579200787831E-013
           1         564   22.812172399135306        2.4888605104686134E-014
           1         565   22.852222849149257        1.0712312047368366E-013
           1         566   22.891170024173334        2.4905882300580678E-014
           1         567   22.931124410126358        1.0689378994876250E-013
           1         568   22.971591665176675        2.4836013534694623E-014
           1         569   23.011621965095401        1.0668764942674635E-013
           1         570   23.051002540159971        2.4798435921110722E-014
           1         571   23.090696771163493        1.0618543675782288E-013
           1         572   23.131718331016600        2.4099038711727688E-014
           1         573   23.170553329167888        1.0616153950767558E-013
           1         574   23.210084056016058        2.4663459942242240E-014
           1         575   23.252634481061250        1.0570783282379459E-013
           1         576   23.292536380002275        2.4586421157709410E-014
           1         577   23.333070215070620        1.0546273484143934E-013
           1         578   23.372007963014767        2.4522827544517606E-014
           1         579   23.409913141047582        1.0637757742151176E-013
           1         580   23.448405907955021        2.4727470085991670E-014
           1         581   23.487811919068918        1.0642473784781114E-013
           1         582   23.527404573978856        2.4749743691079322E-014
           1         583   23.568806558148935        1.0627645845277949E-013
           1         584   23.608065261971205        2.4693557770578341E-014
           1         585   23.648332556011155        1.0653160789024327E-013
           1         586   23.687685730168596        2.4755640413550276E-014
           1         587   23.728781138081104        1.0633522274917600E-013
           1         588   23.767771417042241        2.4707371352626823E-014
           1         589   23.807941952021793        1.0614383953546694E-013
           1         590   23.847289584111422        2.4661970145932232E-014
           1         591   23.889019699068740        1.0624534445292163E-013
           1         592   23.930560905020684        2.4694672607047685E-014
           1         593   23.971705997129902        1.0649519200601393E-013
           1         594   24.012423614040017        2.4740464646767151E-014
           1         595   24.052710422081873        1.0622094594694129E-013
           1         596   24.091044913977385        2.4674434736778769E-014
           1         597   24.131424694089219        1.0599907722477938E-013
           1         598   24.171940775122494        2.4651647540197693E-014
           1         599   24.213518165051937        1.0614887391538804E-013
           1         600   24.251992951147258        2.4668272702044370E-014
           1         601   24.292249919148162        1.0609045501085083E-013
           1         602   24.331876431126148        2.4668181045110743E-014
           1         603   24.371903612976894        1.0586232707602353E-013
           1         604   24.410576228983700        2.4584001456647698E-014
           1         605   24.449952787952498        1.0593978612924282E-013
           1         606   24.488082624971867        2.4619249129877043E-014
           1         607   24.528533787000924        1.0536703327928873E-013
           1         608   24.567366405157372        2.4481907558192667E-014
           1         609   24.605697635095567        1.0546473294031534E-013
           1         610   24.645058579975739        2.4514964727608428E-014
           1         611   24.685475329170004        1.0591754196898531E-013
           1         612   24.723601114004850        2.4638397124098317E-014
           1         613   24.762688199058175        1.0573371361961235E-013
           1         614   24.802899908041582        2.4580512956389835E-014
           1         615   24.844128001946956        1.0536821273373603E-013
           1         616   24.884161801077425        2.4487283580979760E-014
           1         617   24.924261945998296        1.0538085514766770E-013
           1         618   24.963885552948341        2.4497594831645304E-014
           1         619   25.004771745065227        1.0503629119553194E-013
           1         620   25.044227733975276        2.4411522365818841E-014
           1         621   25.084293629974127        1.0481142766086653E-013
           1         622   25.122863393975422        2.4355855998363001E-014
           1         623   25.163553507067263        1.0485610161384768E-013
           1         624   25.203466956969351        2.4369560859049594E-014
           1         625   25.243199557997286        1.0455160746541653E-013
           1         626   25.284279257059097        2.4280701012818789E-014
           1         627   25.324713160982355        1.0464304781300783E-013
           1         628   25.366495863068849        2.4305967437777296E-014
           1         629   25.404493035981432        1.0425905753694090E-013
           1         630   25.443420310039073        2.4234141527967382E-014
           1         631   25.483053528005257        1.0383510268145571E-013
           1         632   25.524842186132446        2.4138447730736442E-014
           1         633   25.567234219983220        1.0388039801399745E-013
           1         634   25.607862442033365        2.4146473125727112E-014
           1         635   25.648353124037385        1.0377297428952432E-013
           1         636   25.687096787150949        2.4111809062562930E-014
           1         637   25.728667455958202        1.0391436572719147E-013
           1         638   25.770585614955053        2.4165338413332421E-014
           1         639   25.811677661025897        1.0413173284105185E-013
           1         640   25.851622041082010        2.4195396772835221E-014
           1         641   25.892976944101974        1.0424900677316859E-013
           1         642   25.935427844058722        2.4229194894784283E-014
           1         643   25.975073297973722        1.0363630636660104E-013
           1         644   26.014738011173904        2.4078568421554516E-014
           1         645   26.054806184954941        1.0338338076011665E-013
           1         646   26.094904356170446        2.4032207370973210E-014
           1         647   26.137404997134581        1.0343565007355401E-013
           1         648   26.179191491100937        2.4039182318017665E-014
           1         649   26.220534231048077        1.0322359448016773E-013
           1         650   26.260035636136308        2.3966344027144634E-014
           1         651   26.299782663118094        1.0305697121097117E-013
           1         652   26.341447449056432        2.3939877043954121E-014
           1         653   26.382510663010180        1.0260256174606246E-013
           1         654   26.421393577009439        2.3850045795253303E-014
           1         655   26.463369230972603        1.0203085314357114E-013
           1         656   26.504119506105781        2.3608364844386102E-014
           1         657   26.543982397997752        1.0019991813988572E-013
           1         658   26.584647949086502        1.9147050645770120E-014
           1         659   26.627020888030529        7.8557101134763311E-014
           1         660   26.668036972172558        2.0280894900864509E-014
           1         661   26.709323622053489        7.8231339670806183E-014
           1         662   26.749552427092567        1.9941898100810716E-014
           1         663   26.791139719076455        7.3106719479628258E-014
           1         664   26.830923272995278        1.9035930845242543E-014
           1         665   26.871865706052631        7.2503766624454225E-014
           1         666   26.911500794114545        1.8148087576470583E-014
           1         667   26.950900629162788        7.5317436034846456E-014
           1         668   26.989815206965432        1.8188006832365825E-014
           1         669   27.031874576117843        8.8176644711060699E-014
           1         670   27.071564288111404        2.0741090177832464E-014
           1         671   27.111076402012259        9.3256367144778445E-014
           1         672   27.148548405151814        2.1552387671711533E-014
           1         673   27.189011869020760        9.9838547537698180E-014
           1         674   27.227909744950011        2.3201811638878379E-014
           1         675   27.268492341972888        1.0005321527641378E-013
           1         676   27.308374069165438        2.3214142527692115E-014
           1         677   27.350304533960298        9.9600049797225781E-014
           1         678   27.389453360112384        2.2571708598080784E-014
           1         679   27.429142361972481        9.8094016399645743E-014
           1         680   27.468829066026956        2.2864531244680304E-014
           1         681   27.508733638096601        9.2702137389225232E-014
           1         682   27.549990701023489        2.1035822534200155E-014
           1         683   27.590471738018095        9.7799082006522616E-014
           1         684   27.631097868084908        2.2292104140973907E-014
           1         685   27.670708172954619        8.1753386422257289E-014
           1         686   27.710817302111536        2.0716920944005856E-014
           1         687   27.751314388122410        7.4290846445551723E-014
           1         688   27.793333822162822        1.8223092891058115E-014
           1         689   27.832311774138361        8.0919023852742927E-014
           1         690   27.873206845950335        1.7399797662798698E-014
           1         691   27.913327872054651        7.5733551773009238E-014
           1         692   27.954942577984184        1.8750346173144218E-014
           1         693   27.994542279047891        9.2354310133617752E-014
           1         694   28.035428654169664        2.0855403849742271E-014
           1         695   28.076455468079075        9.0996107228984098E-014
           1         696   28.117010892136022        2.1900476520990976E-014
           1         697   28.156628736061975        7.9859564506783673E-014
           1         698   28.196338870096952        1.7007920560714491E-014
           1         699   28.236270931083709        9.5481702052595133E-014
           1         700   28.276350458152592        2.2067283386220715E-014
           1         701   28.317255900008604        9.0611961126039612E-014
           1         702   28.357951289974153        2.0926961062629838E-014
           1         703   28.398422983009368        8.5883845901010929E-014
           1         704   28.438952066004276        2.0220995687655925E-014
           1         705   28.481287786038592        9.7415282704091547E-014
           1         706   28.522611410124227        2.2890892413196508E-014
           1         707   28.561479093041271        9.8850056496160635E-014
           1         708   28.603293356020004        2.3112858050045177E-014
           1         709   28.643904746975750        9.8556994246414623E-014
           1         710   28.684586473973468        2.2914078579842658E-014
           1         711   28.726879632100463        9.9255120574859621E-014
           1         712   28.767828863114119        2.2965935269321883E-014
           1         713   28.809706224128604        9.7548710108635604E-014
           1         714   28.848266514949501        2.3014622265202060E-014
           1         715   28.887204551137984        9.9940639324992221E-014
           1         716   28.927818045020103        2.3041085765640664E-014
           1         717   28.968822180991992        9.8259540196807401E-014
           1         718   29.008949024137110        2.2698748251074063E-014
           1         719   29.048436634009704        9.6445557172746232E-014
           1         720   29.088114688172936        2.2448915052751379E-014
           1         721   29.127283025067300        7.2403048379471548E-014
           1         722   29.166222287109122        1.7719923398467966E-014
           1         723   29.205850566970184        9.1304296593512537E-014
           1         724   29.247435603989288        2.1733530857103159E-014
           1         725   29.298032519174740        9.1724407987120616E-014
           1         726   29.338039580965415        2.0836384085462468E-014
           1         727   29.377867490053177        8.4872745461952667E-014
           1         728   29.418508728034794        1.8781313555370731E-014
           1         729   29.457240442046896        7.9245816660746750E-014
           1         730   29.497871373081580        1.7671439141506707E-014
           1         731   29.537867671111599        9.1447776773825709E-014
           1         732   29.578138865064830        2.2189377004645466E-014
           1         733   29.620025072013959        9.7677836545290652E-014
           1         734   29.660272583132610        2.2885249080720155E-014
           1         735   29.700459765037522        9.9252417950075038E-014
           1         736   29.739883773028851        2.3110190786589455E-014
           1         737   29.780831061070785        1.0045955278837607E-013
           1         738   29.823302473174408        2.3407068357928469E-014
           1         739   29.864682157058269        1.0064912525813242E-013
           1         740   29.903623548103496        2.3433329952846216E-014
           1         741   29.943371094996110        1.0122504828812217E-013
           1         742   29.982973403995857        2.3548321574293987E-014
           1         743   30.022828620159999        1.0123104280163710E-013
           1         744   30.062904029153287        2.3550981881083798E-014
           1         745   30.101433092029765        1.0092006130238267E-013
           1         746   30.141544557176530        2.3489002524949502E-014
           1         747   30.182698321994394        1.0080840216204011E-013
           1         748   30.224212161963806        2.3419807721242793E-014
           1         749   30.264846691163257        1.0116246158545375E-013
           1         750   30.304958243155852        2.3509381577794503E-014
           1         751   30.345283814007416        1.0164531898107152E-013
           1         752   30.385045684175566        2.3614951015353630E-014
           1         753   30.424640197074041        1.0063772731636930E-013
           1         754   30.464724714169279        2.3429210501525115E-014
           1         755   30.506261026021093        1.0048466420363600E-013
           1         756   30.546590808080509        2.3314514201822122E-014
           1         757   30.587573931086808        1.0026172766379076E-013
           1         758   30.626948801102117        2.3290345752396411E-014
           1         759   30.667165619088337        9.9993800321732246E-014
           1         760   30.708296288968995        2.3189807432983073E-014
           1         761   30.748024913016707        9.8114658567450045E-014
           1         762   30.789135483093560        2.2942150206982368E-014
           1         763   30.828463819110766        9.9848112210277751E-014
           1         764   30.868348715128377        2.3236739099538523E-014
           1         765   30.908560549141839        9.7096192206978486E-014
           1         766   30.949487884063274        2.2317421488149694E-014
           1         767   30.989005218027160        9.1557043289801747E-014
           1         768   31.027217229129747        2.1656198079181556E-014
           1         769   31.065832829102874        8.9944057245757916E-014
           1         770   31.107789958128706        2.0552453502604921E-014
           1         771   31.147226168075576        9.1049113785021490E-014
           1         772   31.186921722022817        1.9926341970354748E-014
           1         773   31.228236699011177        9.1405339382310039E-014
           1         774   31.268681799061596        2.0039347828939135E-014
           1         775   31.308305121026933        8.1550519030171953E-014
           1         776   31.346600861987099        2.0440427010591368E-014
           1         777   31.386110979132354        9.0417895673425010E-014
           1         778   31.425473780138418        2.1079732837623876E-014
           1         779   31.464099094970152        9.0408086539867216E-014
           1         780   31.504419066011906        2.0661030328395198E-014
           1         781   31.544148201122880        9.3555899762335761E-014
           1         782   31.583244109991938        2.2098148343511861E-014
           1         783   31.624115623068064        9.5276820029034263E-014
           1         784   31.664682480040938        2.2160250528586432E-014
           1         785   31.705374947050586        9.4274500670558726E-014
           1         786   31.747696502134204        2.1095514016899246E-014
           1         787   31.788932119961828        9.8144138455657442E-014
           1         788   31.827071736101061        2.2980887585027361E-014
           1         789   31.866669905139133        9.0831693801183046E-014
           1         790   31.907335953088477        2.2563366065187474E-014
           1         791   31.947739282157272        9.8663473476150175E-014
           1         792   31.988153920043260        2.2845365515663357E-014
           1         793   32.030320249032229        9.4518730134903595E-014
           1         794   32.068999259034172        1.8028013310039196E-014
           1         795   32.109352417057380        9.2699007951959066E-014
           1         796   32.150062224129215        2.0997959414623951E-014
           1         797   32.190020035952330        9.6784529673069129E-014
           1         798   32.231273214099929        2.2469996722420785E-014
           1         799   32.271291684126481        8.9937738816799313E-014
           1         800   32.311185731086880        2.1522174505086085E-014
           1         801   32.350782949011773        8.2328976952222976E-014
           1         802   32.391926939133555        1.9431550063623024E-014
           1         803   32.432279227999970        9.0643502117661046E-014
           1         804   32.473035037983209        2.2345819791962766E-014
           1         805   32.511939427116886        8.0572530471519079E-014
           1         806   32.552850719075650        1.9478260096016152E-014
           1         807   32.591612700140104        8.6068180494992212E-014
           1         808   32.631543274968863        2.0558164902663565E-014
           1         809   32.672681963071227        9.7554199451613812E-014
           1         810   32.711281649069861        2.2201449317158694E-014
           1         811   32.751086530974135        9.6546832255526757E-014
           1         812   32.790419972967356        2.3073689129058895E-014
           1         813   32.829746727133170        1.0194059823522243E-013
           1         814   32.868405170040205        2.3592863492016093E-014
           1         815   32.908815416041762        1.0179660539695325E-013
           1         816   32.947284384164959        2.3761873943476309E-014
           1         817   32.986490014009178        1.0131595672665578E-013
           1         818   33.027246318990365        2.3613033853943384E-014
           1         819   33.066658611176535        1.0211921209890512E-013
           1         820   33.105297405039892        2.3790516906304671E-014
           1         821   33.143864372046664        1.0188793171874104E-013
           1         822   33.183212985051796        2.3400282498201132E-014
           1         823   33.221463478170335        1.0131264831499085E-013
           1         824   33.261449747020379        2.3640082667387444E-014
           1         825   33.302017070120201        1.0128225648084852E-013
           1         826   33.340315846027806        2.3281747793746369E-014
           1         827   33.379928098060191        9.8245327376770924E-014
           1         828   33.417767486069351        2.3375218742021162E-014
           1         829   33.457310236990452        1.0306798890658598E-013
           1         830   33.495993372052908        2.4004220624791007E-014
           1         831   33.536085834959522        1.0359808932599204E-013
           1         832   33.576203583972529        2.4081446740258088E-014
           1         833   33.615548162022606        1.0332386692345476E-013
           1         834   33.655594000127167        2.4040190077776313E-014
           1         835   33.695834991056472        1.0388865944041405E-013
           1         836   33.735569578129798        2.4223330645569667E-014
           1         837   33.775988067965955        1.0413756186966079E-013
           1         838   33.816944541176781        2.4216800885530343E-014
           1         839   33.857291076099500        1.0367911760833614E-013
           1         840   33.897813922027126        2.4114937758049171E-014
           1         841   33.938428240129724        1.0350715578300277E-013
           1         842   33.980265998048708        2.4046461837121499E-014
           1         843   34.019150099018589        1.0398758271528187E-013
           1         844   34.058581816963851        2.4183641591693290E-014
           1         845   34.099702795036137        1.0463779766622568E-013
           1         846   34.138280909974128        2.4328850187268912E-014
           1         847   34.179506652057171        1.0470794517935497E-013
           1         848   34.218533130129799        2.4358403357524520E-014
           1         849   34.258868417004123        1.0480216241960117E-013
           1         850   34.299399413168430        2.4375341403968465E-014
           1         851   34.348677932983264        1.0501252183379493E-013
           1         852   34.389651975128800        2.4419023944306853E-014
           1         853   34.430791029008105        1.0491223432375982E-013
           1         854   34.470984768122435        2.4385909113729710E-014
           1         855   34.511889842106029        1.0467386186963445E-013
           1         856   34.552691437071189        2.4341652202011308E-014
           1         857   34.594594679074362        1.0525265873142628E-013
           1         858   34.635655930964276        2.4479882788919874E-014
           1         859   34.676392527064309        1.0493003651206539E-013
           1         860   34.716356485150754        2.4398940120800489E-014
           1         861   34.754522959003225        1.0494699164670126E-013
           1         862   34.795350749976933        2.4408613477618202E-014
           1         863   34.834448477020487        1.0508429498434643E-013
           1         864   34.873774972045794        2.4435335871867931E-014
           1         865   34.913039568113163        1.0445962133399301E-013
           1         866   34.951759711140767        2.4055187893298029E-014
           1         867   34.990733830956742        1.0370342965037142E-013
           1         868   35.031242765020579        2.4234288458906076E-014
           1         869   35.072105349972844        1.0293088133952950E-013
           1         870   35.112330143107101        2.4213005341120142E-014
           1         871   35.152366750175133        1.0423220202115422E-013
           1         872   35.193703684024513        2.4243767346025253E-014
           1         873   35.234135649167001        1.0441740913120295E-013
           1         874   35.275392875075340        2.4282424512042379E-014
           1         875   35.316886576125398        1.0403834134556487E-013
           1         876   35.356100081000477        2.4201185075440619E-014
           1         877   35.397120810113847        1.0319295352239336E-013
           1         878   35.437217873986810        2.3996936232121657E-014
           1         879   35.477678100112826        1.0318881718580161E-013
           1         880   35.516789285000414        2.3998786590189053E-014
           1         881   35.556317694950849        1.0305330908225630E-013
           1         882   35.595662834122777        2.3962132278654630E-014
           1         883   35.637469060951844        1.0319955409465405E-013
           1         884   35.678053196053952        2.3995950408844815E-014
           1         885   35.717384902993217        1.0318706943824240E-013
           1         886   35.757994034094736        2.3995465359429677E-014
           1         887   35.798470522975549        1.0326961463338387E-013
           1         888   35.838340454036370        2.4012859330393838E-014
           1         889   35.878619696013629        1.0325129051851909E-013
           1         890   35.920270815026015        2.4007273159511337E-014
           1         891   35.961574390064925        1.0333930057745506E-013
           1         892   36.001635957974941        2.4031625303219837E-014
           1         893   36.041937078116462        1.0355732680157506E-013
           1         894   36.081439004978165        2.4084397997307640E-014
           1         895   36.120896256063133        1.0325565471935401E-013
           1         896   36.161025900160894        2.4010294564449233E-014
           1         897   36.202346391975880        1.0347050872753728E-013
           1         898   36.241979092126712        2.4064657708201151E-014
           1         899   36.281447882065549        1.0358263613874000E-013
           1         900   36.321353844134137        2.4091260334102298E-014
           1         901   36.362282840069383        1.0289629667742699E-013
           1         902   36.405644785147160        2.3929989521107697E-014
           1         903   36.446931115118787        1.0271886385171812E-013
           1         904   36.487020964967087        2.3885427243381616E-014
           1         905   36.527536384994164        1.0226046326716838E-013
           1         906   36.568305221153423        2.3787019250778250E-014
           1         907   36.607720877043903        1.0213556152490530E-013
           1         908   36.649577241158113        2.3749299357557948E-014
           1         909   36.691090794978663        1.0238781191588805E-013
           1         910   36.730304015101865        2.3809531995932564E-014
           1         911   36.771357807097957        1.0231900136485323E-013
           1         912   36.812415776075795        2.3796657281596001E-014
           1         913   36.852051953086630        1.0167133847809577E-013
           1         914   36.891661080066115        2.3635074123088846E-014
           1         915   36.931936338078231        1.0129716384400590E-013
           1         916   36.972631474025548        2.3560945573728518E-014
           1         917   37.011846204055473        1.0121716948912166E-013
           1         918   37.050335010979325        2.3539208972370652E-014
           1         919   37.090464288135991        1.0143383396825647E-013
           1         920   37.129049930023029        2.3586472551462355E-014
           1         921   37.168112835148349        1.0110351038580711E-013
           1         922   37.208187388023362        2.3508589926120353E-014
           1         923   37.247909080004320        1.0087563914348111E-013
           1         924   37.287201646016911        2.3463179704254021E-014
           1         925   37.326932391151786        1.0123945552404738E-013
           1         926   37.367221930995584        2.3544305480770052E-014
           1         927   37.406095111044124        1.0156702147177924E-013
           1         928   37.444666221039370        2.3624982757123867E-014
           1         929   37.485161643009633        1.0144541896894931E-013
           1         930   37.524585013976321        2.3593545873157940E-014
           1         931   37.564208273077384        1.0131449598499859E-013
           1         932   37.605458097066730        2.3558704228314218E-014
           1         933   37.645992493024096        1.0088803511671588E-013
           1         934   37.686322732130066        2.3437997605932874E-014
           1         935   37.725907983025536        1.0065113295988882E-013
           1         936   37.765146719058976        2.3079144243545514E-014
           1         937   37.803162215044722        9.8260847232664699E-014
           1         938   37.841440336080268        2.2869387812287576E-014
           1         939   37.880391970975325        8.9748525203932601E-014
           1         940   37.920890611130744        2.2866806388670038E-014
           1         941   37.960618120152503        9.7061930929908034E-014
           1         942   38.000710468972102        2.0993581345721147E-014
           1         943   38.039820173056796        9.9806487368124770E-014
           1         944   38.081148460973054        2.3173068368077422E-014
           1         945   38.122382824076340        9.9731748896099991E-014
           1         946   38.161514927167445        2.3116169683127192E-014
           1         947   38.201133809983730        9.9574637187878411E-014
           1         948   38.241865993011743        2.3174056771817041E-014
           1         949   38.281850032042712        9.9346597064688628E-014
           1         950   38.321509052067995        2.3080996050813836E-014
           1         951   38.360622473061085        9.9436391676706130E-014
           1         952   38.398607602110133        2.3082116957377677E-014
           1         953   38.437970664119348        9.9044981848291205E-014
           1         954   38.476735871052369        2.3078228780584465E-014
           1         955   38.515256786020473        9.8966580607197918E-014
           1         956   38.554732083110139        2.3019021957038441E-014
           1         957   38.594687790144235        9.8904988438934209E-014
           1         958   38.635479486081749        1.8140584087812962E-014
           1         959   38.675856124144047        9.8278597627569539E-014
           1         960   38.717566491104662        2.2926089248801523E-014
           1         961   38.757821741979569        9.8257432912239847E-014
           1         962   38.797983500175178        2.2799125986067152E-014
           1         963   38.838873269036412        9.8415756074717187E-014
           1         964   38.879858603002504        2.2871443277957876E-014
           1         965   38.920684396056458        9.7025279790291194E-014
           1         966   38.958833507029340        2.2538925441216369E-014
           1         967   38.998293861048296        9.6874638679669789E-014
           1         968   39.038831470068544        2.2382075409939427E-014
           1         969   39.077726933173835        9.3257264972875913E-014
           1         970   39.117974773980677        2.1688912873796215E-014
           1         971   39.157026844099164        9.0658966765612933E-014
           1         972   39.195451721083373        2.0738227511774004E-014
           1         973   39.234935848973691        9.4913597537349707E-014
           1         974   39.273056745063514        2.1832240279469220E-014
           1         975   39.316257263068110        9.2941020788670353E-014
           1         976   39.357651981059462        2.1655275290462256E-014
           1         977   39.397123639006168        9.5161479098831865E-014
           1         978   39.436917626997456        2.1989151139326683E-014
           1         979   39.475911068962887        9.6204167461960730E-014
           1         980   39.515989713137969        2.2272447237090906E-014
           1         981   39.556423187954351        9.7218101259524695E-014
           1         982   39.596608547959477        2.2542827585740695E-014
           1         983   39.636139335110784        9.7397337270540554E-014
           1         984   39.675416389014572        2.2613807728247058E-014
           1         985   39.715643963078037        9.8399675127204141E-014
           1         986   39.756306746043265        2.2909840102722757E-014
           1         987   39.794579277047887        9.9136088836929057E-014
           1         988   39.835786783136427        2.3031713597253671E-014
           1         989   39.874839651165530        9.8958365675534536E-014
           1         990   39.913829202065244        2.3057141684273782E-014
           1         991   39.954047131119296        9.8854396037565361E-014
           1         992   39.994173323968425        2.2926985315020943E-014
           1         993   40.034303670981899        9.8906402297265504E-014
           1         994   40.072984138038009        2.3042332867883347E-014
           1         995   40.113437223015353        9.8523183389919147E-014
           1         996   40.152951025171205        2.2842538890670515E-014
           1         997   40.193636218085885        9.8220193246985565E-014
           1         998   40.233970368048176        2.2813236963721654E-014
           1         999   40.275411834008992        9.7620095465612042E-014
           1        1000   40.315216969000176        2.2693486660441351E-014
           1        1001   40.354539514984936        9.7900344820727042E-014
           1        1002   40.395032636122778        2.2781958628444740E-014
           1        1003   40.435299664037302        9.6776190852744322E-014
           1        1004   40.472741079982370        2.2486894582869947E-014
           1        1005   40.512732930015773        9.7307240400902693E-014
           1        1006   40.552060187095776        2.2662353035421528E-014
           1        1007   40.591709231026471        9.4788853713956534E-014
           1        1008   40.632889796048403        2.0893325717718467E-014
           1        1009   40.672871530056000        9.5888466434016888E-014
           1        1010   40.712373400107026        2.2388888060243740E-014
           1        1011   40.751649254001677        9.6093762771917336E-014
           1        1012   40.790058817015961        2.2352048490329507E-014
           1        1013   40.828000605106354        9.6434591509258497E-014
           1        1014   40.868065831018612        2.2466450899177259E-014
           1        1015   40.908503001090139        9.7046908659948464E-014
           1        1016   40.947680239100009        2.2567314906883827E-014
           1        1017   40.986704285955057        9.6686641396258510E-014
           1        1018   41.025730946101248        2.2483370105477426E-014
           1        1019   41.067171537084505        9.6900349258245825E-014
           1        1020   41.108841153094545        2.2537973088199326E-014
           1        1021   41.149307499174029        9.6686457604339426E-014
           1        1022   41.189177928026766        2.2499686658276691E-014
           1        1023   41.229358131065965        9.6969131089027246E-014
           1        1024   41.269075206946582        2.2544426984137726E-014
           1        1025   41.308824453968555        9.7178877441325522E-014
           1        1026   41.348321607103571        2.2591199078952917E-014
           1        1027   41.387727165129036        9.7474312605432159E-014
           1        1028   41.427601095987484        2.2681641489777049E-014
           1        1029   41.466360408114269        9.7773583226377206E-014
           1        1030   41.506757351104170        2.2750995027775226E-014
           1        1031   41.545339307980612        9.7776712722627323E-014
           1        1032   41.584001656156033        2.2757577048468620E-014
           1        1033   41.625975443050265        9.8400048764961518E-014
           1        1034   41.665324785048142        2.2883648898705595E-014
           1        1035   41.705025017959997        9.8556687594709547E-014
           1        1036   41.744361025048420        2.2928711791200110E-014
           1        1037   41.787270741071552        9.8457699182844852E-014
           1        1038   41.825849993154407        2.2888000241796329E-014
           1        1039   41.864135724958032        9.8380764104217949E-014
           1        1040   41.905368822161108        2.2880713502053307E-014
           1        1041   41.944858992006630        9.8507156913275108E-014
           1        1042   41.984923106152564        2.2913761592142846E-014
           1        1043   42.024046353064477        9.8480461540201131E-014
           1        1044   42.065050374018028        2.2921185458918582E-014
           1        1045   42.104897756129503        9.8778190477243752E-014
           1        1046   42.147516373079270        2.2952580504024754E-014
           1        1047   42.189289414091036        9.7946467639735448E-014
           1        1048   42.228748132009059        2.2789793194758583E-014
           1        1049   42.267729575047269        9.7855540894620654E-014
           1        1050   42.308804507134482        2.2728641820398021E-014
           1        1051   42.350634003989398        9.7187407275372416E-014
           1        1052   42.390373094007373        2.2625962642439305E-014
           1        1053   42.430987687082961        9.7628889763861096E-014
           1        1054   42.470508441096172        2.2696047590678241E-014
           1        1055   42.509437120985240        9.7639202992687991E-014
           1        1056   42.550448519177735        2.2704978649408637E-014
           1        1057   42.589180981041864        9.6840886452038881E-014
           1        1058   42.629779309965670        2.2551324104008263E-014
           1        1059   42.669171654153615        9.6471686548829986E-014
           1        1060   42.710503901122138        2.2591882862473953E-014
           1        1061   42.752989188069478        9.4557037917614630E-014
           1        1062   42.792831340106204        2.1939549518805694E-014
           1        1063   42.834991136100143        9.7266152566266594E-014
           1        1064   42.874045372009277        2.2482080758308607E-014
           1        1065   42.914904806995764        9.7369937930003644E-014
           1        1066   42.953396822093055        2.2639672575771249E-014
           1        1067   42.992100822972134        9.7144819330418088E-014
           1        1068   43.034115337068215        2.2599143921391370E-014
           1        1069   43.072948073036969        9.7217956516681328E-014
           1        1070   43.114026643102989        2.2674640166248514E-014
           1        1071   43.155326094012707        9.7521113499556953E-014
           1        1072   43.195537415100262        2.2590687337490202E-014
           1        1073   43.236453182995319        9.8015245181726592E-014
           1        1074   43.276088494108990        2.2745981006103163E-014
           1        1075   43.315320366062224        9.8016163172793429E-014
           1        1076   43.355629329103976        2.2777272382086645E-014
           1        1077   43.397688735974953        9.8023927844463408E-014
           1        1078   43.436308776959777        2.2808214532291891E-014
           1        1079   43.477341959020123        9.4551342675085488E-014
           1        1080   43.516968866111711        2.1945346658139351E-014
           1        1081   43.556612771004438        9.3524572861112776E-014
           1        1082   43.597891421988606        2.2223253362202541E-014
           1        1083   43.637986964080483        9.7332171381758981E-014
           1        1084   43.678038735175505        2.2686924601172608E-014
           1        1085   43.718471050029621        9.7873211919959137E-014
           1        1086   43.757663358002901        2.2855826141871813E-014
           1        1087   43.808842447120696        9.8225595117436580E-014
           1        1088   43.849662414053455        2.2837473240073431E-014
           1        1089   43.890691034030169        9.8280427642880735E-014
           1        1090   43.931832397123799        2.2829775685276055E-014
           1        1091   43.971860027173534        9.7010859814819539E-014
           1        1092   44.012193747097626        2.2557258251774291E-014
           1        1093   44.052639040164649        9.7027263326781034E-014
           1        1094   44.091516567161307        2.2600543483421895E-014
           1        1095   44.132547144079581        9.7184792679155677E-014
           1        1096   44.172931793145835        2.2552584901283313E-014
           1        1097   44.213277150178328        9.6402025402036832E-014
           1        1098   44.252022864995524        2.2378350308559581E-014
           1        1099   44.292548947967589        9.6326457893946081E-014
           1        1100   44.331740597030148        1.6822698618933853E-014
           1        1101   44.372810303000733        9.6552934326272332E-014
           1        1102   44.413340826984495        2.2455237919924161E-014
           1        1103   44.453180771088228        9.6416682690203485E-014
           1        1104   44.490913201123476        2.2395888817399349E-014
           1        1105   44.532669723033905        9.6931777029246796E-014
           1        1106   44.572289200033993        2.2529055312133538E-014
           1        1107   44.613183625973761        9.7075000866642596E-014
           1        1108   44.651720908004791        2.2561158829182436E-014
           1        1109   44.690202604047954        9.7127405914035503E-014
           1        1110   44.729030575137585        2.2632910826458411E-014
           1        1111   44.769568566000089        9.6647588537829843E-014
           1        1112   44.808025310048833        2.2501557101950676E-014
           1        1113   44.848505163099617        9.6601539175100344E-014
           1        1114   44.888287459034473        2.2449180329578239E-014
           1        1115   44.928022230044007        9.6914860578923722E-014
           1        1116   44.967165897134691        2.2519174856779373E-014
           1        1117   45.005702172173187        9.6432608877120376E-014
           1        1118   45.045930765103549        2.2440022382782302E-014
           1        1119   45.085767291020602        9.6614804182196587E-014
           1        1120   45.123978910967708        2.2462642532763536E-014
           1        1121   45.163246331037953        9.7312289785430789E-014
           1        1122   45.204891727073118        2.2596321023362604E-014
           1        1123   45.243789643980563        9.7016261866364972E-014
           1        1124   45.283120112959296        2.2559336354520484E-014
           1        1125   45.324114357121289        9.6221953953790782E-014
           1        1126   45.364279525121674        2.2378961707197806E-014
           1        1127   45.402117558987811        9.6094655304116606E-014
           1        1128   45.440001016948372        2.2259578049444626E-014
           1        1129   45.483130323002115        7.5287298509946543E-014
           1        1130   45.522929287049919        2.0755961938469893E-014
           1        1131   45.563496984075755        9.5205457861054473E-014
           1        1132   45.603525568032637        2.2057772701215540E-014
           1        1133   45.643691867124289        9.4540771660974663E-014
           1        1134   45.685084544122219        2.2098354518833797E-014
           1        1135   45.724898341111839        9.4747501142359305E-014
           1        1136   45.765536239137873        2.2024918227023710E-014
           1        1137   45.804770257091150        9.4432412304361649E-014
           1        1138   45.844595988048241        2.1880494945948289E-014
           1        1139   45.884350562002510        9.3437318678906614E-014
           1        1140   45.924219208071008        2.1750915943171247E-014
   4.4449230870174454E-015
   1.4327740413495452E-015
   1.9670123787686019E-015
   1.0912944414528783E-015
   3.4261790752122822E-015
   2.7216427499105819E-015
   3.1332964754534373E-015
   2.0603060527848475E-015
   3.3552158829443449E-015
   3.2870548999202717E-015
   2.3609150889458856E-015
   1.3838047758222777E-015
   6.3842001631494783E-016
   1.6825612792943644E-015
   4.3745661197219955E-015
   8.0117893022833888E-016
   2.7162132354415091E-015
   1.5853290760324888E-015
   8.0390668436195055E-016
   2.0027798306948640E-015
   1.9706646535006885E-015
   1.7483271168688110E-015
   5.2308689479747303E-016
   4.8043529681688662E-016
   8.2343103541485255E-016
   1.5820688399981792E-015
   1.2605318351544261E-015
   9.9873884661260795E-016
   1.7279613554959728E-015
   6.3177623489608745E-015
           1 TIME           1        1140   45.924219208071008        2.1750915943171247E-014 SUM   6.2702382345293633E-014
 EigenValue(1-3)           1  -4.0395718091588071     
 EigenValue(1-3)           2  -4.0395718091587600     
 EigenValue(1-3)           3  -4.0395718091587502     
Application 1462335 resources: utime ~54s, stime ~86s, Rss ~20976, inblocks ~8132, outblocks ~228
